1403045911 465913000 1403045911 852956000 0.9998812931131047 0.014481812805483898 -0.005260872582810686 0.0 -0.014686011089108275 0.9990468123708249 -0.04110702823100063 0.0 0.0046605536963149905 0.04117940977673936 0.9991408986973174 0.0 1.9434217721685203 0.2211067921873805 0.003569867096047896 1.0
1403045911 852956000 1403045912 240074000 0.9998270671808522 0.011318409377842772 -0.01475565456667802 0.0 -0.010932724756911372 0.9996031511434359 0.02596181337085216 0.0 0.015043645233957837 -0.025796004211290198 0.9995540280068936 0.0 2.020953754674077 0.0022995278760864976 0.043938490830612964 1.0
1403045912 240074000 1403045912 627128000 0.9999005068620189 0.012384682215798748 -0.006752482764974786 0.0 -0.012578417397551125 0.9994872238234398 -0.029446100412213683 0.0 0.006384339656580507 0.02952810627396999 0.9995435614054159 0.0 2.0559134815098856 0.14397263212451572 0.026652387742664152 1.0
1403045912 627128000 1403045913 14180000 0.9998332122668389 0.018026517940425524 -0.002931262376161424 0.0 -0.018041075857267958 0.999824653045137 -0.005018241234109482 0.0 0.002840286972593802 0.005070287379915473 0.9999831123353027 0.0 2.1152530908055893 0.09218572273090572 0.05484316158039293 1.0
1403045913 14180000 1403045913 401287000 0.999804324624066 0.017639298002252293 0.008953637752501211 0.0 -0.01756133194660544 0.9998078236710334 -0.008712941320414362 0.0 -0.009105607243693966 0.008553998607644666 0.9999219554667974 0.0 2.1543858316945683 0.11818548540346781 0.05470211019058713 1.0
1403045913 401287000 1403045913 788322000 0.9997627741146514 0.020685809726810122 -0.006818560736882625 0.0 -0.020685616912788977 0.9997860248522724 9.88080389842622e-05 0.0 0.006819145658635569 4.2261536140003494e-05 0.9999767484629074 0.0 2.2551528572849024 0.09212472099098783 0.015532451496314048 1.0
1403045913 788322000 1403045914 312839000 0.9980203837953372 0.05774334369405407 0.024920268618903677 0.0 -0.05818454436629662 0.9981549327994851 0.017357676254097516 0.0 -0.023871998782976443 -0.018773289191986245 0.999538739262776 0.0 3.0747948454080607 0.158223385860551 0.12737769319894188 1.0
1403045914 312839000 1403045914 562493000 0.9993918175073572 0.034821634570079425 -0.001857112061535742 0.0 -0.03476335214091356 0.9990730626783835 0.025387492557588886 0.0 0.0027394246235464513 -0.025307492888522954 0.9996759606774733 0.0 1.525990585740766 0.04239586885769183 -0.015495329259727353 1.0
1403045914 562493000 1403045914 949542000 0.999299253517473 0.0374194991398164 0.0008848748761362545 0.0 -0.03741967102133477 0.9992996229175658 0.00017848659827601776 0.0 -0.0008775762509415287 -0.00021147325118016065 0.9999995925694108 0.0 2.3725696547330055 0.1405461725231973 0.08010721339104293 1.0
1403045914 949542000 1403045915 336632000 0.9992063430090549 0.03820821046469251 -0.011261294044495537 0.0 -0.03809709601729526 0.9992247853330836 0.00992167582124677 0.0 0.011631653602124432 -0.009484778813377205 0.9998873654594008 0.0 2.4165257545873704 0.10851064984160982 0.03104722475643823 1.0
1403045915 336632000 1403045915 723907000 0.9997436354848511 0.02242094069052149 -0.003156695437538979 0.0 -0.02245461192144908 0.9996865836820505 -0.011069092535868599 0.0 0.0029075266104334543 0.011137137184331649 0.9999337530378435 0.0 2.3946814983110496 0.13045400909990773 0.05878554804360253 1.0
1403045915 723907000 1403045916 110778000 0.9983585616362983 0.028880574415490756 0.049458010766032595 0.0 -0.030396030194305545 0.999082559921497 0.03016819200972224 0.0 -0.048541361290435195 -0.03162199997058857 0.9983204822910986 0.0 2.2733635977889484 0.04213515559187002 0.1549277212368042 1.0
1403045916 110778000 1403045916 497830000 0.9996118420280972 0.027539435635601957 0.004212453212461196 0.0 -0.027518524998022705 0.9996090677036 -0.004943940399397299 0.0 -0.0043469597568688255 0.004826100870488546 0.9999789061231542 0.0 2.3407889933603854 0.10469257237617591 0.03137731179880643 1.0
1403045916 497830000 1403045916 884898000 0.9994416611932787 0.01995905638128373 0.026795558206318338 0.0 -0.020400334482027493 0.9996590555938817 0.016297205962067983 0.0 -0.026461145557984764 -0.01683474494957976 0.9995080785757771 0.0 2.2317393806606987 0.03939551676903285 0.11203927214720144 1.0
1403045916 884898000 1403045917 271967000 0.9992654429844788 0.011040300027185137 -0.03669722376887649 0.0 -0.011224185960002528 0.9999254444699285 -0.004808653777436251 0.0 0.036641398807476494 0.005217018010866517 0.9993148606002544 0.0 2.3153972227432735 0.07966566450698216 -0.03459495210018343 1.0
1403045917 271967000 1403045917 659040000 0.9999307875310882 0.011103297485138375 0.0038906210833609916 0.0 -0.011163299788193352 0.9998135502789528 0.015755805800879197 0.0 -0.003714954279220068 -0.01579814747217585 0.9998683001531505 0.0 2.1866200273681464 -0.0013959017446272051 0.08121471281978127 1.0
1403045917 659040000 1403045918 46127000 0.999910809168162 0.012983636727346336 -0.003130317236909621 0.0 -0.012992362396890653 0.9999117215989858 -0.0027834382156232003 0.0 0.003093901746864615 0.0028238601744125422 0.9999912267543631 0.0 2.190882711788282 0.06359647956799667 0.02480156718005172 1.0
1403045918 46127000 1403045918 433179000 0.9999066984522023 0.007300170766865648 0.011545644078667152 0.0 -0.007141316535685596 0.999880090270235 -0.013740694281004261 0.0 -0.01164456905831234 0.0136569611539859 0.9998389327404114 0.0 2.1716595656025697 0.09654949282672755 0.05456222830116997 1.0
1403045918 433179000 1403045918 820261000 0.9999661636859485 0.006851171339166314 0.004553343220989197 0.0 -0.0068415509674150205 0.9999743383560359 -0.002125043474469392 0.0 -0.004567785411663382 0.0020938196411124854 0.9999873755481833 0.0 2.21293331167285 0.06056175690025263 0.052918885067900046 1.0
1403045918 820261000 1403045919 207330000 0.9999562722401325 0.009181664164128873 -0.001775007266237699 0.0 -0.00920529270767894 0.9998624495768813 -0.013796539866371008 0.0 0.0016480879175571554 0.013812276036032705 0.9999032477379601 0.0 2.2471706730255105 0.0887384140588938 0.04061088709668925 1.0
1403045919 207330000 1403045919 594394000 0.9999718905674266 0.005370309127194372 0.005232385200363299 0.0 -0.005296384076099051 0.9998873896057391 -0.01404124008553005 0.0 -0.005307201779191409 0.014013132672583398 0.9998877265583249 0.0 2.2501163939454365 0.10526828068720677 0.044629595951034606 1.0
1403045919 594394000 1403045919 981494000 0.9997934057312855 -0.009259654348314545 -0.01809432666851063 0.0 0.009374837857305819 0.9999362639284748 0.006291303196696341 0.0 0.018034918114210034 -0.00645963482816757 0.9998164905853976 0.0 2.3086549724244283 0.0070951392283327905 0.038363650331574184 1.0
1403045919 981494000 1403045920 373337000 0.9993325681566122 -0.012872199640569133 -0.034186615771722065 0.0 0.012813290715204675 0.999916021177376 -0.001941693552799131 0.0 0.03420873868703249 0.0015023545582398164 0.9994135806202673 0.0 2.4126302290751855 0.02235293951379152 0.010083286503204225 1.0
1403045920 373337000 1403045920 755620000 0.9999972951525944 -0.0012531979737730986 0.0019593831512448225 0.0 0.0012371305492453845 0.9999657774300919 0.008180065808783556 0.0 -0.0019695673380148507 -0.008177619670199693 0.9999646230447508 0.0 2.342409501120139 0.006997939616020486 0.04921987770467179 1.0
1403045920 755620000 1403045921 142664000 0.999572359640002 0.007518378918709477 0.028259013113575454 0.0 -0.007837949452788047 0.9999063917086594 0.01121491723307626 0.0 -0.028172049838342685 -0.011431613998203237 0.9995377200532765 0.0 2.3628209315438657 0.020628008337234098 0.11890593029347257 1.0
1403045921 142664000 1403045921 529753000 0.999920404483026 0.010522608786413897 0.006961278821437991 0.0 -0.010429489867547085 0.9998574178950153 -0.013280422486338232 0.0 -0.007100030957992275 0.013206762837311441 0.9998875791686556 0.0 2.4275898478935174 0.09513932039129061 0.030550235798005587 1.0
1403045921 529753000 1403045921 916825000 0.9998573283739248 0.013833758544968102 -0.009692781926618842 0.0 -0.01346579084561938 0.9992226171239342 0.03705177330300742 0.0 0.01019781220946435 -0.03691596609212526 0.9992663389075135 0.0 2.4399837908762927 -0.016268159703411354 0.031024973998015903 1.0
1403045921 916825000 1403045922 303888000 0.9977684915693475 0.01080435865576595 0.0658885655138021 0.0 -0.009826243076707935 0.9998369319905324 -0.015151051935660124 0.0 -0.06604151859570209 0.014469805174818228 0.9977119537019572 0.0 2.219066353748116 0.10756983752840595 0.15909205333691595 1.0
1403045922 303888000 1403045922 690967000 0.999839804343274 0.017795426993722774 -0.0019205282905381577 0.0 -0.01773092207469499 0.9994057422970114 0.02955971356662347 0.0 0.0024454147265379022 -0.02952092549143425 0.9995611711671 0.0 2.306314477750983 -0.0013429052287365836 -0.020769795146459047 1.0
1403045922 690967000 1403045923 78172000 0.9998186669070331 0.01861663549099997 -0.004006767679611111 0.0 -0.018550854010859867 0.9997019251374224 0.01587219871345367 0.0 0.004301060300774716 -0.015794991596288877 0.9998660005824592 0.0 2.2222738217493205 0.030882490843574965 0.0577476769994823 1.0
1403045923 78172000 1403045923 465107000 0.9996231847629066 0.024942534576432255 -0.011461171553004267 0.0 -0.02473992757831139 0.9995408791960698 0.01749190668188044 0.0 0.0118922019779274 -0.017201766910732965 0.9997813134617314 0.0 2.2142945416920266 0.032120837257278066 0.0053508430801064155 1.0
1403045923 465107000 1403045923 852162000 0.9994889943139857 0.027744179853024842 0.015874845810285514 0.0 -0.02775357226145662 0.9996147263478835 0.00037161159021130934 0.0 -0.01585841959166911 -0.0008120053749109636 0.999873917639282 0.0 2.182167042098199 0.09385312165799145 0.0644323682524029 1.0
1403045923 852162000 1403045924 356711000 0.9995883700204263 0.028542186518386126 -0.002904153690333685 0.0 -0.028573825550879766 0.9995254332088577 -0.011508469143781353 0.0 0.0025742986025929803 0.011586714693783312 0.9999295580336195 0.0 2.96386577956183 0.1497440581862764 0.04186165850985768 1.0
1403045924 356711000 1403045924 626348000 0.9998372384543633 0.0066487848750128396 0.01677171009880448 0.0 -0.006658416481610124 0.9999776980745024 0.0005185012794131542 0.0 -0.016767888653911156 -0.000630089918290169 0.9998592105375561 0.0 1.5771131508943346 0.03542839366331021 0.03704000247768935 1.0
1403045924 626348000 1403045925 13411000 0.9997084324006501 -0.005710400710192125 0.023461489951915326 0.0 0.006087563139750937 0.9998528839109866 -0.016035963017631483 0.0 -0.023366466614666674 0.016174110751826083 0.9995961216307981 0.0 2.2802388649984016 0.044624125699083535 0.07593817977748857 1.0
1403045925 13411000 1403045925 416687000 0.9998657942727969 -0.015907631613067862 -0.003916720527683522 0.0 0.015907652754349248 0.9998734649546468 -2.5757246724960596e-05 0.0 0.0039166346620661836 -3.655204013528791e-05 0.9999923292890163 0.0 2.4354324727243575 -0.016856635253257403 0.03312615432624011 1.0
1403045925 416687000 1403045925 787504000 0.999530045543867 -0.030414029805847644 0.0038307761673181556 0.0 0.030457898051065056 0.9994644069190638 -0.011967278230031797 0.0 -0.003464751273325266 0.012078331544260437 0.9999210515864345 0.0 2.205856348295622 -0.015244673342499938 0.03929542710869871 1.0
1403045925 787504000 1403045926 174583000 0.9997827815302047 -0.01458383962503122 0.014889639939179408 0.0 0.014493485523638093 0.9998759997994646 0.0061582385791087895 0.0 -0.014977604384651452 -0.005941098115037321 0.9998701789332876 0.0 2.2343170467761397 -0.05000835707775828 0.0656159034908666 1.0
1403045926 174583000 1403045926 561687000 0.999454649005286 -0.003983565843861632 -0.032780112643004615 0.0 0.0033779365005493713 0.9998229654433245 -0.018510194950756103 0.0 0.032848046010664135 0.018389371258538432 0.9992911672270485 0.0 2.2651761120302694 0.05702835407290469 -0.01345015601036259 1.0
1403045926 561687000 1403045926 948737000 0.9997300346724481 -0.01601306590124325 -0.0168356613849327 0.0 0.015874129393858575 0.9998390982434007 -0.008354019380545976 0.0 0.016966725960323295 0.008084512617711924 0.9998233698338529 0.0 2.149945147895897 0.005762564420578951 0.030480504480159265 1.0
1403045926 948737000 1403045927 335826000 0.9991189034281671 -0.034102878671038846 -0.02446242994563985 0.0 0.0340162205042158 0.999413474961837 -0.00395003890033602 0.0 0.024582789815346468 0.00311443912350251 0.9996929462159071 0.0 2.1016585882880854 -0.040177236440251445 0.018331444995911717 1.0
1403045927 335826000 1403045927 722894000 0.9977058290791175 -0.0620171210412725 -0.02714692099120796 0.0 0.062032079546464954 0.9980741135220329 -0.0002915893501013883 0.0 0.027112722635172136 -0.0013930595680746644 0.9996314118995802 0.0 2.0539975988394326 -0.12854259980214888 0.026848658326386943 1.0
1403045927 722894000 1403045928 109967000 0.9966392498739177 -0.07761457129864356 0.026195112767122834 0.0 0.0779872288754365 0.9968627302557453 -0.013516255376076224 0.0 -0.025063873265814062 0.015513714873904391 0.9995654690452879 0.0 1.8943481401826308 -0.12358668672325622 0.06047005506935438 1.0
1403045928 109967000 1403045928 497149000 0.9965966438054322 -0.08187442042006277 -0.009576473078705947 0.0 0.08209002383487754 0.9963152337582082 0.024843167433245814 0.0 0.007507166078994523 -0.025544750188754226 0.9996454912594047 0.0 1.927378222609529 -0.24890756999931513 0.010252457759568512 1.0
1403045928 497149000 1403045928 884100000 0.9949737947306847 -0.0951441161925199 -0.03122090570700312 0.0 0.09505695193436532 0.9954626877135981 -0.004267699493518849 0.0 0.03148529320443226 0.0012784850266987237 0.9995033975869554 0.0 1.9386350115808757 -0.19969208982413283 0.008572951367943948 1.0
1403045928 884100000 1403045929 271181000 0.9935820955231452 -0.11258340086008084 -0.010936055349803863 0.0 0.1125030118043639 0.993621478399728 -0.007709085398805944 0.0 0.011734214536251734 0.006429270061000331 0.9999104823411444 0.0 1.8823244067114442 -0.22099877808542792 0.023372654958757566 1.0
1403045929 271181000 1403045929 658248000 0.9923453721703258 -0.1233843846097645 0.005191913578554542 0.0 0.12321040121832524 0.992039999579417 0.025996851080263773 0.0 -0.008358191416615656 -0.025158157105396314 0.9996485421223318 0.0 1.8477133063095061 -0.3370407649044618 0.033316462565929794 1.0
1403045929 658248000 1403045930 45333000 0.9936850405576374 -0.11156050596891584 -0.012012230430934823 0.0 0.11158497798898456 0.9937539311104405 0.00138459009947826 0.0 0.011782735640088594 -0.002716230937390231 0.9999268919427712 0.0 1.9755717301314397 -0.26225709987500206 0.007423946369442491 1.0
1403045930 45333000 1403045930 432404000 0.9961282879624341 -0.08366883626390548 0.026980729405887312 0.0 0.0830489293051577 0.9962722649437419 0.023333440490710376 0.0 -0.028832434206928402 -0.02100237943925354 0.9993635928907921 0.0 2.005404648297034 -0.24933981699505364 0.07428880670516225 1.0
1403045930 432404000 1403045930 819482000 0.9956829836835769 -0.09281001244596578 -0.0013029170156746623 0.0 0.0928159524382965 0.9956671570790773 0.005666682189789561 0.0 0.0007713468363450449 -0.005763150514074161 0.9999830954172226 0.0 2.1465496460210804 -0.2498587387473225 0.011171313890941614 1.0
1403045930 819482000 1403045931 206540000 0.995564993639874 -0.0940712106914225 0.0009750681450427607 0.0 0.09402420109047614 0.9953053635597572 0.022949572511864448 0.0 -0.0031293846256390014 -0.022756111008465738 0.9997361483729771 0.0 2.1989388685250693 -0.28725383482146044 0.04800478269721947 1.0
1403045931 206540000 1403045931 593611000 0.9966400350988512 -0.07945904275833175 -0.019872115189138 0.0 0.07962934126290373 0.9967930048919716 0.007929275406360818 0.0 0.019178332779383647 -0.009485036761315504 0.9997710866140508 0.0 2.316142775424442 -0.2209308283885712 0.012581531399405654 1.0
1403045931 593611000 1403045932 2003000 0.9993743393620824 -0.029371680972173058 0.01970365908835865 0.0 0.029007627682458927 0.9994077079307935 0.018514612195603374 0.0 -0.02023579405007903 -0.01793147192470907 0.9996344206527585 0.0 2.419952232886769 -0.15246585106847854 0.06509137766536405 1.0
1403045932 2003000 1403045932 367775000 0.9998698793288759 0.009809765274458638 0.012805971892789354 0.0 -0.009682134899348348 0.9999032162709586 -0.009990713427152135 0.0 -0.012902739036720316 0.009865424281432736 0.9998680876641166 0.0 2.2106507585495314 0.04926031259769444 0.06279566110074308 1.0
1403045932 367775000 1403045932 754831000 0.9996119847843203 0.027846063916715007 0.0006903621498442917 0.0 -0.027838999024236477 0.9995744301931334 -0.008714851542122239 0.0 -0.0009327426656241326 0.008692251055905622 0.9999617866512204 0.0 2.377756968287486 0.1042004907561627 0.04462638087789955 1.0
1403045932 754831000 1403045933 141873000 0.9989476510260411 0.044577905837719214 0.010788921200856307 0.0 -0.044429549219078476 0.9989196620912418 -0.013620713773837974 0.0 -0.011384448416341092 0.013127033124159282 0.999849026271273 0.0 2.3544454402431345 0.1657481856405533 0.0480927868148478 1.0
1403045933 141873000 1403045933 528962000 0.9993240242000863 0.03536105275765709 0.010054382348787807 0.0 -0.03533293112141798 0.9993712104941522 -0.0029610156740317323 0.0 -0.010152764890144795 0.002603763300094801 0.9999450693821949 0.0 2.3622491204285487 0.12328868291416283 0.04104561789612837 1.0
1403045933 528962000 1403045933 916043000 0.9995930757365372 0.005199584953223509 -0.028047232588682927 0.0 -0.00578696776470488 0.9997647752445619 -0.020902277011871376 0.0 0.027931952020217504 0.021056079799073514 0.9993880365302735 0.0 2.4378505515809006 0.14052077572989483 -0.01828806152326551 1.0
1403045933 916043000 1403045934 303092000 0.9998150991353367 0.011019388714106043 0.015758826522433936 0.0 -0.011072529259329111 0.9999332890718378 0.0032888450522712337 0.0 -0.015721534174438435 -0.003462727009739666 0.9998704130460396 0.0 2.3579352033830507 0.04162269699952307 0.08841161519450252 1.0
1403045934 303092000 1403045934 690165000 0.9996530030790418 0.023116327579224293 -0.01262968068888997 0.0 -0.023265286957004652 0.9996599496662655 -0.011777582776098888 0.0 0.01235313150021302 0.012067329136541616 0.9998508787362488 0.0 2.424750401984218 0.10371595026707814 0.028213769039806824 1.0
1403045934 690165000 1403045935 77248000 0.9996841408872816 0.02510708061219267 -0.0011193576687915131 0.0 -0.025102544074402405 0.9996772830224284 0.0038977031554843404 0.0 0.0012168563803949622 -0.00386837330520815 0.9999917774404553 0.0 2.398575950497225 0.0690700745463197 0.046596211624517714 1.0
1403045935 77248000 1403045935 464307000 0.9999645576589323 0.0034688853896636808 0.007671392320117513 0.0 -0.0033738099668663654 0.9999177732633061 -0.012371908440454783 0.0 -0.007713678258992482 0.012345588131186825 0.999894037196648 0.0 2.3600854892644154 0.06342241739311263 0.06319255979662541 1.0
1403045935 464307000 1403045935 851476000 0.9999517609989306 -0.009329507937380917 -0.0030718002513312258 0.0 0.009289847732016496 0.9998764296393202 -0.012681647402506107 0.0 0.0031897341979669797 0.012652499095905457 0.9999148663073144 0.0 2.357837331791236 0.02319763758316206 0.049594463540871825 1.0
1403045935 851476000 1403045936 238453000 0.9998457978535249 -0.005400649222384048 0.016709682900196574 0.0 0.004791978420533132 0.9993311088617753 0.03625426600983462 0.0 -0.016894302514916207 -0.036168603084325325 0.99920288965428 0.0 2.283053200658541 -0.10922035051757618 0.0556329344389766 1.0
1403045936 238453000 1403045936 625622000 0.9999213615646503 -0.008991563927439135 0.008741994328227228 0.0 0.009014288170746737 0.9999560845329072 -0.0025635160214493528 0.0 -0.008718560401277104 0.0026421172866221056 0.9999585020993487 0.0 2.2511710146208213 -0.001691936926538913 0.04252219184238393 1.0
1403045936 625622000 1403045937 12597000 0.9993162974945695 -0.03571388152589374 0.009563274967267613 0.0 0.03580588584334015 0.9993123774193005 -0.009628648688127779 0.0 -0.009212822624952433 0.00996448708866225 0.9999079122080898 0.0 2.188820702237769 -0.029149212319974617 0.03867717405074561 1.0
1403045937 12597000 1403045937 399677000 0.9993985479456532 -0.0300830276951889 -0.01724974807962524 0.0 0.030202977553970643 0.9995210897256923 0.006735825149079331 0.0 0.017038852983530986 -0.007252767627266265 0.999828522723147 0.0 2.1542247997742967 -0.07861545801682007 0.04067376220536345 1.0
1403045937 399677000 1403045937 786746000 0.9996903836410975 -0.012311123546576154 -0.021623438499374283 0.0 0.01228647350466736 0.999923708800296 -0.0012724574176667526 0.0 0.02163745420178609 0.0010063876398318699 0.9997653763556648 0.0 2.0804611957233283 -0.01908384153174613 0.009044533846777503 1.0
1403045937 786746000 1403045938 173825000 0.9997334743397552 -0.007235399488083237 0.021923258854694667 0.0 0.007343649722292666 0.999961218972355 -0.004861209734032633 0.0 -0.021887235853765865 0.005020910830698711 0.9997478378876905 0.0 1.9055135940741497 -0.014301389444736308 0.057099560917366954 1.0
1403045938 173825000 1403045938 560906000 0.9999062399299994 -0.004857927649752141 -0.012802807817047157 0.0 0.004825222421342451 0.9999850194872599 -0.0025841883926885183 0.0 0.012815169824666557 0.0025221697036689706 0.9999147014032501 0.0 1.9146802851544542 0.008634132997768669 0.013441657371117355 1.0
1403045938 560906000 1403045938 947949000 0.9998697261994518 -0.011789417541391855 0.011024530097377042 0.0 0.011957653697715426 0.9998111252856344 -0.015320844399670297 0.0 -0.010841824010689477 0.015450676008127221 0.9998218498627708 0.0 1.785177105123857 0.014404063110131045 0.05779967914067352 1.0
1403045938 947949000 1403045939 338052000 0.9989739166407009 -0.04528422761538172 -0.00067275613435051 0.0 0.045269305049924054 0.9988648892617277 -0.014819683547683794 0.0 0.0013430904045994107 0.014774022114335317 0.9998899561345389 0.0 1.743125722566007 -0.036603048993617916 0.0072535472080876295 1.0
1403045939 338052000 1403045939 722180000 0.9970660355132369 -0.07651096741602804 -0.002322216824498994 0.0 0.07651127343375329 0.9970687153753129 4.30971987910788e-05 0.0 0.0023121123376537247 -0.00022064651957205163 0.999997302722188 0.0 1.6107704224311867 -0.16522597732248034 0.03294218967518575 1.0
1403045939 722180000 1403045940 109177000 0.9968098559463237 -0.07546565585165453 -0.025981644966188596 0.0 0.07594998275044713 0.9969457537424565 0.018186924288949097 0.0 0.024529802454895864 -0.02010221086758431 0.9994969684345015 0.0 1.6114456361492024 -0.22261649383250962 -0.03302622951222889 1.0
1403045940 109177000 1403045940 496270000 0.9982066706135359 -0.0598482529921471 0.0012764624662930778 0.0 0.05986151605587336 0.997901222916919 -0.024693079929604445 0.0 0.00020405423866086782 0.0247252080821451 0.999694264486479 0.0 1.53067629803568 -0.06835419186222567 0.06276015561455583 1.0
1403045940 496270000 1403045940 883303000 0.99957453842291 -0.01590627155585169 0.024448571774603314 0.0 0.014874081889120205 0.9990137685511424 0.041836012396022304 0.0 -0.025089914798224658 -0.04145456272156166 0.9988253177633124 0.0 1.4414766487736685 -0.14744520679124368 0.03630666832044288 1.0
1403045940 883303000 1403045941 270447000 0.999035079407152 0.04311890343709254 -0.008346872487851919 0.0 -0.04336460999755409 0.9985493271462766 -0.03191789240345231 0.0 0.006958499386060331 0.03224905304192691 0.9994556407686103 0.0 1.5072306499237529 0.24296378743577265 -0.004220992480674923 1.0
1403045941 270447000 1403045941 657466000 0.9963098384869926 0.08150827241551786 -0.02689065380128537 0.0 -0.08213297003794362 0.9963558104733128 -0.023005959419557444 0.0 0.024917483154787316 0.02512967297649927 0.9993736131043911 0.0 1.6026245749182992 0.3099278436221882 0.01820458545141257 1.0
1403045941 657466000 1403045942 44529000 0.999769268476424 0.01920064485104563 0.009630423013553182 0.0 -0.01936929961220912 0.9996550664866465 0.01773635475826014 0.0 -0.00928655170924253 -0.017918796970845908 0.9997963175929732 0.0 1.6584205299608197 0.07478754776741205 0.022635025172448198 1.0
1403045942 44529000 1403045942 431612000 0.9987965233079028 -0.04525829181311634 0.018899525131725617 0.0 0.04568162497801916 0.9987003116137955 -0.022602582194858067 0.0 -0.017852007377702296 0.023438741533335482 0.9995658713801306 0.0 1.743011102028654 -0.010790411190467246 0.05526602071330233 1.0
1403045942 431612000 1403045942 818666000 0.9994405778373718 -0.03245365258722172 -0.008080334513381466 0.0 0.03260883925368838 0.9992705018441423 0.01987782047114458 0.0 0.007429332044493551 -0.020130190707091163 0.9997697637193619 0.0 1.9047294921159745 -0.1216368183458267 0.0013926753240913747 1.0
1403045942 818666000 1403045943 205762000 0.9998324956042376 -0.01781864997851048 -0.004180484032433663 0.0 0.01780922926172103 0.9998388034665158 -0.002280007839779235 0.0 0.004220436814544634 0.002205174729885124 0.999988662494483 0.0 2.0170358651688582 -0.010024058310402574 0.05332792264519287 1.0
1403045943 205762000 1403045943 592827000 0.9999017753972198 -0.013775613975741478 -0.002583024792609882 0.0 0.013786655716006192 0.9998956843711934 0.004306796957290757 0.0 0.0025234265703988823 -0.004341985197391993 0.9999873896619345 0.0 2.1313148817971976 -0.021052077567026588 0.006050603485775574 1.0
1403045943 592827000 1403045943 979901000 0.9995518022165515 -0.029171958043668844 -0.006722466031341323 0.0 0.029097796040814673 0.9995173810409047 -0.010877649686316146 0.0 0.007036543982045665 0.010677165402366334 0.9999182392514697 0.0 2.2623605956354185 0.0073360972056810345 0.01705616765895912 1.0
1403045943 979901000 1403045944 366953000 0.9996695829547959 -0.02545713051561661 0.0035580079953819424 0.0 0.02543087307805433 0.999650366275412 0.007239882590377985 0.0 -0.0037410706318153964 -0.007147007160023588 0.9999674618102242 0.0 2.3506185191455438 -0.04850523141979723 0.05720944383467147 1.0
1403045944 366953000 1403045944 754040000 0.9997598246268982 -0.02161750605971445 -0.003602290070510523 0.0 0.021550861565321107 0.9996126022609395 -0.017612659279769648 0.0 0.003981636320189873 0.017530796698128112 0.9998383958117145 0.0 2.4321106192994066 0.025235937934622928 0.016762367370912468 1.0
1403045944 754040000 1403045945 141087000 0.9994614444012783 -0.02414933164066896 0.022217806746378927 0.0 0.02363882093479802 0.999456870168484 0.022960200735856695 0.0 -0.022760213094850646 -0.022422632635961025 0.9994894688017226 0.0 2.3216255107434973 -0.059160686557052915 0.11724884919602463 1.0
1403045945 141087000 1403045945 528175000 0.9990710850568346 -0.007853092614518442 -0.0423709327221745 0.0 0.007172147216390186 0.9998430607810926 -0.016199200974209467 0.0 0.042491496886620364 0.015880262727177984 0.9989706151574481 0.0 2.3885760358989363 0.07143438570448638 -0.030766013392819036 1.0
1403045945 528175000 1403045945 915230000 0.9991863680819856 0.01549260241212743 0.03723682464483822 0.0 -0.01637696213354617 0.9995882031259801 0.023563091534233378 0.0 -0.03685643702811061 -0.02415374591805605 0.9990286280220997 0.0 2.179242978236018 0.008765056905334044 0.11969314474223725 1.0
1403045945 915230000 1403045946 302333000 0.9994144157200662 0.0341182670066817 -0.0026018276997948073 0.0 -0.03410517190019582 0.9994061318694499 0.004921466387345017 0.0 0.002768194461510563 -0.004829848673038172 0.9999845047105574 0.0 2.190071796159152 0.10173837282391059 0.035125102100670935 1.0
1403045946 302333000 1403045946 689388000 0.9993099986584071 0.03536364092939318 -0.011355152202917482 0.0 -0.03525835067769808 0.9993345612095494 0.009342562796456615 0.0 0.011677983080264388 -0.008935752477224043 0.9998918826747434 0.0 2.170116228449213 0.09740360565261626 0.01758628234522508 1.0
1403045946 689388000 1403045947 76445000 0.9991496330674248 0.03381338397967057 0.023593766233346324 0.0 -0.03393913595955543 0.9994116439432688 0.004949848576639621 0.0 -0.023412513567518695 -0.005746391429080301 0.9997093743653676 0.0 2.114466227877935 0.10068466582606092 0.1274590937861077 1.0
1403045947 76445000 1403045947 463534000 0.9991475366397268 0.021246905023114566 -0.03539447772894164 0.0 -0.022239657793861816 0.9993634383484431 -0.02789472555142785 0.0 0.03477927037730548 0.028658107392434504 0.9989840415305472 0.0 2.2261351180197053 0.15722287318153427 -0.012486116307182105 1.0
1403045947 463534000 1403045947 850595000 0.9997725442553111 0.007615704734918949 0.01992136528083622 0.0 -0.007924198283893596 0.9998491986416441 0.015452736237305895 0.0 -0.019800677635361662 -0.015607082272248777 0.9996821255519815 0.0 2.063364463193334 0.013440386116159227 0.09842691265656878 1.0
1403045947 850595000 1403045948 237664000 0.9998285321696229 0.00046153604262114584 -0.018511975691935325 0.0 -0.0003325229146688634 0.9999756425080273 0.006971643935918853 0.0 0.018514742451588757 -0.006964292867145638 0.9998043323254865 0.0 2.152772029739707 0.012134643475659825 -0.01133406024118333 1.0
1403045948 237664000 1403045948 624787000 0.9994443957694578 -0.029131512830892384 0.016194280632586298 0.0 0.02878894270785214 0.9993649167547879 0.02099904610833414 0.0 -0.016795729897429713 -0.02052116273215259 0.999648330833065 0.0 2.092149044552187 -0.059108825687404505 0.07524475887757753 1.0
1403045948 624787000 1403045949 11806000 0.9993796801036505 -0.024689096887022248 -0.025113810758790028 0.0 0.02466773252043364 0.9996950319595483 -0.0011601929571962563 0.0 0.025134795965462507 0.000539972500054682 0.9996839252791223 0.0 2.231029900486793 -0.03876367398750762 0.029391962152442663 1.0
1403045949 11806000 1403045949 432329000 0.9992159199233592 -0.0032594700521242546 0.039457841130683874 0.0 0.0036702249931588374 0.9999397843063542 -0.01034201188654063 0.0 -0.03942175567138753 0.010478722075761938 0.999167714432089 0.0 2.301996312898882 0.04868539543546337 0.08815565900755873 1.0
1403045949 432329000 1403045949 785955000 0.9995496424645808 -0.026202478047166213 -0.014626769743063891 0.0 0.02603719248062539 0.9995962150704155 -0.011378551077645854 0.0 0.014919009908693713 0.01099258664225594 0.9998282783469654 0.0 2.0493241608856847 0.005989272297544208 0.045685238043846055 1.0
1403045949 785955000 1403045950 173020000 0.9990504746251376 -0.0434150024431294 0.0036450945324019465 0.0 0.04350316502142873 0.9986258571341632 -0.029221089921085935 0.0 -0.0023714519614400965 0.02935191690368652 0.9995663265585099 0.0 2.2305945151215267 0.023021095145589456 0.05317244112318342 1.0
1403045950 173020000 1403045950 560142000 0.9983256251729871 -0.057844070703023664 -9.801769286907768e-05 0.0 0.05784415003564719 0.998324734988879 0.0013333476808361638 0.0 2.0727229735743633e-05 -0.0013367849071761824 0.9999991062878476 0.0 2.238195272690151 -0.09035772861943649 0.048074634708948794 1.0
1403045950 560142000 1403045950 947149000 0.9984441969938512 -0.04843109647657194 -0.02763357348192042 0.0 0.04879336562809687 0.9987295523390525 0.012589231720755096 0.0 0.02698875617709288 -0.013917980410713066 0.9995388420973447 0.0 2.3130618130507408 -0.09789008534520867 -0.002455739236332355 1.0
1403045950 947149000 1403045951 334227000 0.9999716323783634 -0.0072823690984273794 -0.0019239383736295852 0.0 0.007346540291703146 0.9993330340317611 0.03577031504777747 0.0 0.0016621625352644391 -0.035783434619794996 0.9993581855483634 0.0 2.281318767456459 -0.1054393434206449 0.06071218406904938 1.0
1403045951 334227000 1403045951 721326000 0.9994770075187771 0.03163947030458708 -0.006682466622107999 0.0 -0.031702731400437986 0.9994514008201939 -0.009583017286009987 0.0 0.006375599035550972 0.009789857884435057 0.9999317528809356 0.0 2.326124312588099 0.11708206668467007 0.030977857885610305 1.0
1403045951 721326000 1403045952 108381000 0.9990448235463978 0.040690762025350935 0.015928039143073003 0.0 -0.04048285576917755 0.9990935031487956 -0.013164739064619096 0.0 -0.016449283690148205 0.012507351904531915 0.9997864708098511 0.0 2.3087107298719185 0.1594307278833047 0.07864836375424133 1.0
1403045952 108381000 1403045952 495459000 0.9993044163077205 0.036695910829497976 0.006640306941660063 0.0 -0.03661270991465811 0.9992545050983307 -0.01224514244078546 0.0 -0.0070847032817911 0.01199350528759472 0.9999029766984021 0.0 2.330598096332434 0.1482452808057934 0.0791853918486965 1.0
1403045952 495459000 1403045952 882532000 0.999101387371848 0.04136091845360251 0.009257006877121984 0.0 -0.04099095935839256 0.9984701604678692 -0.03710902728644366 0.0 -0.010777708593539263 0.03669622705322516 0.9992683463001972 0.0 2.348927620261786 0.23480739327205197 0.06028372035878382 1.0
1403045952 882532000 1403045953 269595000 0.9996526037002528 0.01945653193149697 0.017779631056462297 0.0 -0.01863604496494989 0.998803983027357 -0.04520289057960362 0.0 -0.01863785779990946 0.04485584525884994 0.9988195950234179 0.0 2.3620759325927585 0.225653199439005 0.07167188665948498 1.0
1403045953 269595000 1403045953 656654000 0.999727194315092 -0.0020642698956839 -0.023265333366881944 0.0 0.002395101119598093 0.9998962916118395 0.01420103909994937 0.0 0.02323360577915699 -0.014252887801746144 0.9996284583543076 0.0 2.4484618003655476 0.018263974749119442 0.0029470589936674285 1.0
1403045953 656654000 1403045954 43814000 0.9999090023767931 -0.008900565529284098 -0.010137401003467642 0.0 0.009004870551811161 0.9999065057780365 0.010290384302946539 0.0 0.010044862975238199 -0.010380733886201112 0.9998956651030109 0.0 2.4174677601873524 0.01176410821318715 0.06236112103758279 1.0
1403045954 43814000 1403045954 430792000 0.9999412092004508 -0.00894063691737034 0.006135401718874618 0.0 0.008733691869420359 0.9994183227462726 0.03296572136867818 0.0 -0.006426567440728817 -0.03291019857945344 0.9994376509119469 0.0 2.379079136994977 -0.08634097766590634 0.04569573758757062 1.0
1403045954 430792000 1403045954 817878000 0.999876234517711 -0.015322170390805124 0.0035702578616081558 0.0 0.015239433115602764 0.9996384847475703 0.02215083497064256 0.0 -0.0039083660266548675 -0.022093684755981884 0.9997482651992475 0.0 2.3690247556621213 -0.07772560066995443 0.055115941988638895 1.0
1403045954 817878000 1403045955 204958000 0.9999626425819108 -0.00850620894744451 -0.001535529206538002 0.0 0.008566993389966242 0.9989386779322642 0.045256207918875635 0.0 0.0011489407547785014 -0.045267672132357786 0.9989742327982536 0.0 2.3744036401573934 -0.1091581350569725 0.049417227921960516 1.0
1403045955 204958000 1403045955 592075000 0.9989633547174186 -0.03327290622637552 -0.031066535741401047 0.0 0.03204256551605825 0.9987137599888994 -0.0392950328156635 0.0 0.03233403666216209 0.03825884629841546 0.9987445973586261 0.0 2.424477097331371 0.0891215220693934 0.007866406574610407 1.0
1403045955 592075000 1403045955 979118000 0.9992296565909803 -0.038021265943568534 0.009719913843242167 0.0 0.03770088033566025 0.9988001270330883 0.031256197155170966 0.0 -0.010896651365802316 -0.030865669841024457 0.9994641431358491 0.0 2.3491842326331396 -0.11707070013043866 0.0703820062250805 1.0
1403045955 979118000 1403045956 366161000 0.9994344475869721 -0.018186942932450104 0.028284626271100972 0.0 0.016978091954188836 0.9989561470511845 0.04240708268965602 0.0 -0.029026356473370204 -0.041902880275990796 0.9986999645811834 0.0 2.316997221408526 -0.14224510432390994 0.0846797954109656 1.0
1403045956 366161000 1403045956 753218000 0.99989225487565 -0.008361162527848917 0.012065222785799669 0.0 0.008615108579120784 0.9997391608998579 -0.0211515972781692 0.0 -0.011885223761378828 0.02125326150102121 0.9997034762026744 0.0 2.345692624683794 0.04686313250270834 0.036719007140205595 1.0
1403045956 753218000 1403045957 140301000 0.9999302331886226 -0.010383295046507776 -0.005631690627514535 0.0 0.010440078293233868 0.9998939965418178 0.010148913481869486 0.0 0.005525714485748874 -0.010207000715611434 0.9999326395391909 0.0 2.3626970825535323 -0.015273323604870943 0.03517326420960726 1.0
1403045957 140301000 1403045957 527368000 0.9998229853725001 -0.01742442521292153 -0.007098403117660664 0.0 0.01712682516386187 0.9990518973384708 -0.04002472091355963 0.0 0.0077890808589985774 0.039896062843357546 0.9991734756232128 0.0 2.3459838910753836 0.09219382668119251 0.00769552078709107 1.0
1403045957 527368000 1403045957 914434000 0.9991107400574922 -0.03713263438665713 0.019972395081139165 0.0 0.036890560325929224 0.9992429285176202 0.012355418502394435 0.0 -0.020416063788331964 -0.011607638478053281 0.9997241854973569 0.0 2.2613330383301484 -0.08118899698846996 0.08114247195560598 1.0
1403045957 914434000 1403045958 301529000 0.9994033889792042 -0.02997119071982722 -0.017163735715668486 0.0 0.030171826116665072 0.9994779664472843 0.011552293936144462 0.0 0.01680853966492327 -0.01206326295979223 0.9997859524323672 0.0 2.3143315815010364 -0.05628085050002956 0.005932227047106053 1.0
1403045958 301529000 1403045958 688577000 0.9996153358339742 -0.01633391188749692 0.02241391728329559 0.0 0.0159779927896089 0.9997448364992431 0.01596764351797015 0.0 -0.022669012151969394 -0.015603371928953525 0.999621253611837 0.0 2.2132919299828564 -0.05753612557605938 0.059586929367904384 1.0
1403045958 688577000 1403045959 75676000 0.9997538832307604 0.0026009711036130596 -0.022031974816915597 0.0 -0.002889595235288968 0.9999102968703112 -0.013078549311847515 0.0 0.021995981550984003 0.01313899395099951 0.9996717179322242 0.0 2.308697494009484 0.07457488586390078 -0.0012639929276128115 1.0
1403045959 75676000 1403045959 462724000 0.9996873387262436 0.021296681068015143 -0.013102525173718052 0.0 -0.021349128268027425 0.9997645677541418 -0.0038760528336512826 0.0 0.013016893355788943 0.004154568432603931 0.9999066456667357 0.0 2.3086423899650375 0.09739389988308424 0.005889147870889733 1.0
1403045959 462724000 1403045959 849813000 0.9998016629322585 0.010817429186913854 0.016721782909626132 0.0 -0.010606284011774202 0.999863549483998 -0.012664483910618194 0.0 -0.016856498371611562 0.012484616095292176 0.9997799722056854 0.0 2.283275836315841 0.09263557779181464 0.03964412311239318 1.0
1403045959 849813000 1403045960 236877000 0.9998105610934559 0.01939214844908914 -0.0016692826355419559 0.0 -0.019369936142433104 0.9997351422053616 0.012427832210946172 0.0 0.001909842880159518 -0.012393143997947298 0.999921378150312 0.0 2.345701934658856 0.03735353937974178 0.050641907068152414 1.0
1403045960 236877000 1403045960 623951000 0.9995083266749726 0.030830291376202818 0.005709469419718121 0.0 -0.03074916631256323 0.999432004507352 -0.013789747550217175 0.0 -0.006131368401799784 0.013607406074444467 0.9998886162075487 0.0 2.3434871868252447 0.13131707320387537 0.03696379621957985 1.0
1403045960 623951000 1403045961 11005000 0.9996024525107199 0.027534643466646427 -0.0060646800178333175 0.0 -0.02765941782450048 0.9993850251075888 -0.021552916190483034 0.0 0.005467498528920379 0.021712093401349993 0.9997493143083257 0.0 2.3632745093158416 0.1623108716534869 0.037397514870879056 1.0
1403045961 11005000 1403045961 398208000 0.9998336324489016 0.018239522230597306 -0.00016508432526402925 0.0 -0.01823829762945718 0.9998176801294021 0.005654290427628127 0.0 0.00026818578306418613 -0.00565033888011836 0.9999840007454747 0.0 2.3428499903506905 0.06361986323108844 0.02323218596704496 1.0
1403045961 398208000 1403045961 785147000 0.9999355937053327 0.01122623364395068 -0.0016673689859241585 0.0 -0.011223104330557735 0.9999352620996472 0.001874443622825525 0.0 0.001688303986019149 -0.001855609840770653 0.9999968531659335 0.0 2.331341339992112 0.04666864791103268 0.04693705941458881 1.0
1403045961 785147000 1403045962 172230000 0.9996476149935953 0.013107208536088646 -0.023083477251229792 0.0 -0.012706643991569155 0.9997676044728065 0.017414885735408243 0.0 0.023306373293330684 -0.017115435463267974 0.9995818499916926 0.0 2.345765896774172 0.004846522405392108 -0.0008035544547295714 1.0
1403045962 172230000 1403045962 559298000 0.9999309774477949 0.011229671052822621 -0.0034546820899933055 0.0 -0.011265620304307063 0.9998806870214142 -0.010568704780817204 0.0 0.0033355868234401106 0.010606894438537684 0.9999381819147187 0.0 2.2634527290550146 0.06129839710006818 0.04416911752623981 1.0
