1403045911 852956000 0.9998160246791548 0.013105166875298087 -0.014006119946018808 0.0 -0.01347061207065462 0.999562697786878 -0.026324053704934458 0.0 0.013655013922131686 0.026507881737116025 0.9995553375379461 0.0 1.9547481536865234 0.18693219125270844 0.0545225590467453 1.0
1403045912 240074000 0.9999175564964343 0.010004052090030649 -0.008049792045764515 0.0 -0.009894101965066814 0.9998587730882748 0.0135845730413116 0.0 0.00818455597481997 -0.013503807618217253 0.999875322339393 0.0 2.002458056963266 0.02235327079035382 0.0709460284994406 1.0
1403045912 627128000 0.9998797299352714 0.014246533175615729 -0.006128781040699682 0.0 -0.014312358953474574 0.999838876246678 -0.010834109421959729 0.0 0.005973445049186915 0.010920523717120018 0.9999225270569656 0.0 2.0449700355529785 0.09271331131458282 0.0710526555776596 1.0
1403045913 14180000 0.9998405158563647 0.01745217594975866 -0.003790040461167411 0.0 -0.017508755109076617 0.9997273803258998 -0.015446958316902789 0.0 0.0035194241871368856 0.01551085366227192 0.9998735055356045 0.0 2.1150356260820304 0.12818224454992772 0.06191998616275271 1.0
1403045913 401287000 0.9998338479108185 0.01711225663629222 0.0062807041531762545 0.0 -0.01715221249588872 0.9998326370153817 0.006363926882340425 0.0 -0.006170751845758465 -0.006470597474852617 0.9999600257960197 0.0 2.144627332687378 0.07206029444932938 0.12888063490390778 1.0
1403045913 788322000 0.9994912553227508 0.024810020597238306 -0.020042290570596387 0.0 -0.02456180306584842 0.9996196936520604 0.012537379834532356 0.0 0.02034572101219529 -0.012038726715291386 0.9997205212936106 0.0 2.2629145521200287 0.04821360328797296 0.052352437903413734 1.0
1403045914 312839000 0.9977682673496909 0.05709501259335207 0.03462144143389483 0.0 -0.05738795073321775 0.9983235821801757 0.007526511382033833 0.0 -0.03413367517038581 -0.009496567796160966 0.9993721566160704 0.0 2.990772008895874 0.16996881365776062 0.20021480321884155 1.0
1403045914 562493000 0.9992580759665914 0.03732915229980563 -0.009477974684691623 0.0 -0.03717329766025698 0.9991788164808127 0.016119511067778054 0.0 0.010071919211732769 -0.01575522404093965 0.9998251493930387 0.0 1.5311447227690627 0.056965469743396425 0.06506613264799611 1.0
1403045914 949542000 0.999241570505411 0.038420109051227364 0.006338690272562759 0.0 -0.038423933208227595 0.9992614114771895 0.0004825861835518834 0.0 -0.006315467574879116 -0.0007257775876171899 0.9999797938539577 0.0 2.3370144367218018 0.1375965029001236 0.09763319790363312 1.0
1403045915 336632000 0.9993046550461998 0.036937041979000176 0.005085403901078066 0.0 -0.037013943584682185 0.9991872215307389 0.015964470238375047 0.0 -0.004491590286912415 -0.016141600277654527 0.9998596273263417 0.0 2.34041775475821 0.08578189291543656 0.12732585137570307 1.0
1403045915 723907000 0.9997657818248555 0.021605846422672208 0.0012525543881493596 0.0 -0.021605262155389514 0.9997664647494175 -0.00047813141333500573 0.0 -0.0012625923064328263 0.00045095766034804473 0.9999991012485243 0.0 2.3620803356170654 0.09736253321170807 0.060810692608356476 1.0
1403045916 110778000 0.9985204858780993 0.03049061384739878 0.04502401302608886 0.0 -0.03132573547769116 0.9993478444815942 0.017960624342521266 0.0 -0.044447019906247116 -0.019344461667367734 0.9988244361369286 0.0 2.2552669098191744 0.06206705715985738 0.20016817758571853 1.0
1403045916 497830000 0.9995873324182406 0.028069101810403133 0.006106585997349314 0.0 -0.028096022451619462 0.9995956842142111 0.004368251677877346 0.0 -0.005981504107153503 -0.004538019819305192 0.9999718135951311 0.0 2.3095526695251465 0.09569863229990005 0.08637610077857971 1.0
1403045916 884898000 0.9997614156157698 0.019953093990361832 0.008887400416535967 0.0 -0.020026016013077137 0.9997658884778635 0.008193101898073202 0.0 -0.00872184204145175 -0.008369126374958092 0.999926940928748 0.0 2.254094658900543 0.05500330334208743 0.08820738035227528 1.0
1403045917 271967000 0.9993294148759486 0.011265693706602905 -0.034839700185319976 0.0 -0.01061625861338739 0.9997674676035821 0.018769810190139624 0.0 0.035043053758878596 -0.018387356167464612 0.9992166379301453 0.0 2.2918241024017334 0.035764180123806 0.05202209949493408 1.0
1403045917 659040000 0.9999040669472125 0.01188916489215757 0.007106663112290001 0.0 -0.012015710448878437 0.9997651104534403 0.01803736739186475 0.0 -0.006890544596271697 -0.0181210286183616 0.9998120566971471 0.0 2.1528475301575583 0.008718544088396361 0.11347974266107394 1.0
1403045918 46127000 0.9999182939302024 0.010973028417843587 0.00655729449198859 0.0 -0.01087182662819139 0.9998242265912004 -0.01527479319253101 0.0 -0.006723752633761556 0.015202255380345382 0.9998618317457022 0.0 2.144254446029663 0.09298285841941833 0.10831417143344879 1.0
1403045918 433179000 0.9999791762576308 0.005185425730491913 0.0038416677502926253 0.0 -0.00514133618212398 0.9999218116745536 -0.011398999944774793 0.0 -0.0039004760443398195 0.011379011269532398 0.9999276495772859 0.0 2.1677145251464016 0.10046560702148932 0.12519285279992948 1.0
1403045918 820261000 0.9999251513688548 0.007769348905603298 0.009451395534821938 0.0 -0.007733920589729807 0.9999629511217839 -0.003779266612003909 0.0 -0.00948040781213575 0.0037058873965428282 0.9999481927911664 0.0 2.202298402786255 0.0609600767493248 0.08515504747629166 1.0
1403045919 207330000 0.9999321558244633 0.009402744140054542 0.006875474592917151 0.0 -0.009308702570320723 0.999864399059951 -0.01358423899010593 0.0 -0.007002271395660387 0.01351931563059609 0.9998840914326929 0.0 2.205506333662368 0.0902191400866375 0.1176972456477973 1.0
1403045919 594394000 0.9999599306062221 0.002488586322066121 -0.008599076701432878 0.0 -0.0026098296541651202 0.9998969408516788 -0.014117239979210914 0.0 0.008563058517594091 0.014139116435336968 0.9998633703737988 0.0 2.264866828918457 0.11119157075881958 0.028460869565606117 1.0
1403045919 981494000 0.9996094588575246 -0.01007378319464687 -0.026066235913803956 0.0 0.01019809970313963 0.9999372292758997 0.004640718746242719 0.0 0.02601785012278409 -0.004904732427376187 0.9996494460933814 0.0 2.325072427321874 0.0005710458504287474 0.0029632377688779896 1.0
1403045920 373337000 0.9997667202230602 -0.010860476890389218 -0.018669632458582653 0.0 0.011105116728158313 0.9998531725614879 0.013050275904424069 0.0 0.018525159024397598 -0.013254559986696455 0.9997405339000114 0.0 2.3628554344177246 -0.011074446141719818 0.03967849537730217 1.0
1403045920 755620000 0.9999971989361965 0.0022073107921017844 0.0008543411660723435 0.0 -0.002217845104085872 0.9999190078130635 0.012532317312963134 0.0 -0.0008266092518579659 -0.012534177005515129 0.9999211024495579 0.0 2.3341952713313763 0.00013030896186307095 0.11103262990261203 1.0
1403045921 142664000 0.999552777762644 0.006913287635661678 0.029093829604388013 0.0 -0.006986504435064432 0.9999726762667871 0.002415672912114242 0.0 -0.029076334410674635 -0.002617856739033832 0.9995737659639395 0.0 2.3539669513702393 0.04751073196530342 0.12211523205041885 1.0
1403045921 529753000 0.9999248433457911 0.0112033856124602 -0.004979137547162441 0.0 -0.011248962784560702 0.9998942032671707 -0.009221882073710958 0.0 0.004875294469733226 0.009277199120876028 0.9999450810321059 0.0 2.4384060441208644 0.092804146055812 0.09746061605279499 1.0
1403045921 916825000 0.9999194098676055 0.010578719122693401 -0.007018865417052117 0.0 -0.010509041802411464 0.9998958600935378 0.009890854775979016 0.0 0.007122767047622546 -0.009816296120609825 0.9999264505552685 0.0 2.4125869274139404 0.04805324971675873 0.058210790157318115 1.0
1403045922 303888000 0.9966439448075045 0.012924395888268771 0.08083196935284545 0.0 -0.013839020077328281 0.9998462849768968 0.010765126157994244 0.0 -0.08068041151255581 -0.01184763304721785 0.9966696066346877 0.0 2.161637017133904 0.04706812735931791 0.24326527607059803 1.0
1403045922 690967000 0.9995698312793474 0.01659731429835231 -0.024180189293277567 0.0 -0.01624982887637738 0.9997628621878066 0.014496980773015047 0.0 0.02441506620235704 -0.01409782068712842 0.999602498993579 0.0 2.341569423675537 0.031758010387420654 0.042205024510622025 1.0
1403045923 78172000 0.9997483846777588 0.019443169661449624 -0.01118617395394149 0.0 -0.019212000052393974 0.999606992413591 0.020414694997522274 0.0 0.011578704081138274 -0.02019464957287281 0.9997290181546349 0.0 2.2163109217345554 0.005270759451454244 0.08038996631478876 1.0
1403045923 465107000 0.9996405369127366 0.026393472146724974 -0.004709733416639625 0.0 -0.026359466458548433 0.9996270160980365 0.007141933558671799 0.0 0.004896477186347244 -0.007015220237161153 0.9999634049284942 0.0 2.1868762969970703 0.06981422007083893 0.04897545278072357 1.0
1403045923 852162000 0.9994839646719372 0.02731435343152673 0.016903563538004148 0.0 -0.027283320679327046 0.9996256104718432 -0.0020638075258811485 0.0 -0.016953606589003547 0.0016015571836567248 0.9998549946058242 0.0 2.1831908801719493 0.09576261649772064 0.11397926588475629 1.0
1403045924 356711000 0.9996184487636829 0.02754084176191478 0.002111616994992469 0.0 -0.027513773798078473 0.9995502945703751 -0.011924800864767307 0.0 -0.002439086443023434 0.011862152389906117 0.9999266674101667 0.0 2.9035873413085938 0.1502581238746643 0.08442255109548569 1.0
1403045924 626348000 0.9998338936884593 0.004531586425244564 0.017653604624701304 0.0 -0.00453829634870662 0.999989644064344 0.0003400445823927578 0.0 -0.017651880863694163 -0.00042010538825120933 0.999844105155117 0.0 1.5668447572793576 0.023288725804793367 0.0883847880225158 1.0
1403045925 13411000 0.9997727078249594 -0.006963749862171656 0.020150406353360933 0.0 0.007312357457854419 0.999823973744722 -0.01727862707862218 0.0 -0.020026535315850948 0.017422046756068562 0.999647643007311 0.0 2.283715009689331 0.05394352599978447 0.11047948151826859 1.0
1403045925 416687000 0.9998046712381781 -0.01966553946367674 -0.001971275709118129 0.0 0.019654451901344856 0.9997917352827178 -0.005494413601992339 0.0 0.0020789157694596264 0.005454596041377372 0.999982962600488 0.0 2.420938489653955 -0.013871044170505553 0.0892837785553294 1.0
1403045925 787504000 0.9995860847919954 -0.02876607327245615 -0.000414871899991196 0.0 0.02876528123023249 0.9995845673820917 -0.0018031215439652931 0.0 0.00046656827512453594 0.0017904412976585975 0.9999982883155372 0.0 2.211733341217041 -0.03573870658874512 0.082778200507164 1.0
1403045926 174583000 0.9999253635634004 -0.012190325762025056 0.000814408016313674 0.0 0.012192672611886158 0.9999213395285255 -0.0029416815019065092 0.0 -0.0007784838987987746 0.0029513917555970045 0.9999953416139119 0.0 2.263665963580675 -0.031374075398378526 0.11344623027858661 1.0
1403045926 561687000 0.9996828982588656 -0.003460498697215801 -0.024942491405655798 0.0 0.0033059882449869658 0.9999751082421661 -0.006233244563800103 0.0 0.024963440677892412 0.006148808407708218 0.9996694547622662 0.0 2.248492956161499 0.0295780710875988 0.03035774454474449 1.0
1403045926 948737000 0.9997197468682523 -0.01632787805891224 -0.017141415337452972 0.0 0.016123495808838567 0.9997980613548703 -0.011994556846570909 0.0 0.017333799484825618 0.011714815796099747 0.9997811272905103 0.0 2.1358535112032078 0.00957034348501351 0.06928179814207913 1.0
1403045927 335826000 0.9989366762417321 -0.037930156231913245 -0.02620725295302238 0.0 0.03787698365806766 0.9992792256787874 -0.0025225454940925934 0.0 0.026284043982757358 0.001527211519712939 0.9996533482447236 0.0 2.1007697582244873 -0.04955845698714256 0.03347145393490791 1.0
1403045927 722894000 0.9978021125152718 -0.06552733529741542 -0.00985457197856847 0.0 0.06562917370602939 0.9977899648458972 0.010392189927389035 0.0 0.009151820514220753 -0.011016096479388749 0.9998974396405025 0.0 2.001307024690704 -0.1538008157768827 0.07890314271230997 1.0
1403045928 109967000 0.9969868008809809 -0.07709373315440193 0.00859506704017423 0.0 0.07717475250881856 0.9969720308028063 -0.00953033956010506 0.0 -0.007834311987011188 0.010164944920960749 0.9999176453340765 0.0 1.9231845140457153 -0.13574615120887756 0.07837869226932526 1.0
1403045928 497149000 0.9964922453975817 -0.08065877661584298 -0.022301717810996435 0.0 0.08107396530064698 0.996538525638967 0.018384207019703933 0.0 0.020741673339324966 -0.020127808428872303 0.9995822398957154 0.0 1.9422025868013768 -0.23294859446676727 0.03089952852293318 1.0
1403045928 884100000 0.994952828016466 -0.09779547610828593 -0.02247031096336226 0.0 0.09762484275217237 0.995186371415882 -0.00857182744248639 0.0 0.023200433178071023 0.00633490338078033 0.9997107626206222 0.0 1.9106535911560059 -0.1891472488641739 0.027011461555957794 1.0
1403045929 271181000 0.9936251479845091 -0.11265597568414663 -0.004206713136797369 0.0 0.11265277972834915 0.9936339222262179 -0.000989858989055655 0.0 0.004291446403998315 0.0005096508561042352 0.9999906618282824 0.0 1.8603167458154444 -0.24364484618772936 0.07072889413555866 1.0
1403045929 658248000 0.9925860602160168 -0.12153375382690919 -0.0015683576078345317 0.0 0.12153820023620394 0.9923324320026176 0.022467983423409683 0.0 -0.0011742862471355 -0.02249202250822396 0.9997463328141291 0.0 1.8666566610336304 -0.32552531361579895 0.039512213319540024 1.0
1403045930 45333000 0.9948759621978734 -0.10091285591671786 -0.006198011906017896 0.0 0.10090437110934497 0.9948947317227704 -0.0016675374970939745 0.0 0.00633464536363218 0.0010335864784174335 0.9999794017714108 0.0 1.9878722911518973 -0.23492247985398945 0.06084782392017917 1.0
1403045930 432404000 0.9962966078199956 -0.083629652519181 0.01997875035858671 0.0 0.08321222661341396 0.9963129812039491 0.020884655288921215 0.0 -0.021651664795288347 -0.019144834917550597 0.9995822530975488 0.0 2.0235390663146973 -0.24367348849773407 0.09298472851514816 1.0
1403045930 819482000 0.9955763461199179 -0.09361326966225521 -0.008018403186140114 0.0 0.09367270710155952 0.9955756318865563 0.007388175549465001 0.0 0.007291295548738472 -0.008106598351106395 0.9999405582695378 0.0 2.168884928224947 -0.25031336134883936 0.06286936129572214 1.0
1403045931 206540000 0.9957559534101215 -0.09195642869041137 -0.003754526708566435 0.0 0.09200331775849757 0.9956424390099518 0.015215885243503294 0.0 0.0023389676630893984 -0.015496737231424624 0.9998771826406737 0.0 2.215552568435669 -0.26678526401519775 0.07632620632648468 1.0
1403045931 593611000 0.9971837243724789 -0.07330958409192904 -0.015821653734687365 0.0 0.07346098542293679 0.9972555692870587 0.00920940533560227 0.0 0.015103094627361372 -0.010345743386182273 0.9998324170212047 0.0 2.3136313931094215 -0.2081760883813111 0.060260852440647675 1.0
1403045932 2003000 0.9996120313820724 -0.02156711725500459 0.017625157290516495 0.0 0.021388047533364686 0.9997183348310072 0.010286030596324196 0.0 -0.017842032925569226 -0.009905072237337186 0.9997917540193337 0.0 2.4019014835357666 -0.11538240313529968 0.0958917886018753 1.0
1403045932 367775000 0.9997684485658571 0.02063270096281166 0.006110720350188279 0.0 -0.02053746620420692 0.9996726523731184 -0.015257803878846711 0.0 -0.006423529725164579 0.015128772199801344 0.9998649201355133 0.0 2.218909634956881 0.08590255995641509 0.08258128340311247 1.0
1403045932 754831000 0.9994441988506086 0.03300422695495224 0.004691949165441789 0.0 -0.032974333474058856 0.9994362677390075 -0.006311898277410938 0.0 -0.0048976234855945345 0.006153676220668902 0.9999690722983209 0.0 2.3647775650024414 0.11073286831378937 0.07170874625444412 1.0
1403045933 141873000 0.9987908672971353 0.048217332557556614 0.009586044276457444 0.0 -0.04809753215618111 0.9987661907064926 -0.012358143150446628 0.0 -0.010170093624020155 0.011882135442579251 0.9998776845459663 0.0 2.347253725701909 0.16665281005610322 0.10139954773584475 1.0
1403045933 528962000 0.9995041986998876 0.03148017999836308 -0.0005958595188826997 0.0 -0.031484684407440476 0.9994498363042736 -0.010427816603895688 0.0 0.00026726215492710206 0.010441406927769336 0.9999454513083748 0.0 2.3808882236480713 0.1304006278514862 0.046709317713975906 1.0
1403045933 916043000 0.9998511979600017 0.0032731720096681786 -0.01693718639399162 0.0 -0.00354136075702182 0.9998684480388633 -0.015828625345986655 0.0 0.016883148460471346 0.015886250701474848 0.9997312570569711 0.0 2.418722281358557 0.10418272249444444 0.03415074605329805 1.0
1403045934 303092000 0.9998703124896131 0.013135264503388927 0.009317887547578165 0.0 -0.013164922741944094 0.999908443611497 0.0031287703067276766 0.0 -0.009275937209896614 -0.0032510338139780147 0.9999516927172124 0.0 2.3678483963012695 0.0439673475921154 0.09144130349159241 1.0
1403045934 690165000 0.9996692420341733 0.023210999819800973 -0.011075017751081185 0.0 -0.023262718418235143 0.9997189680490544 -0.0045640831201716175 0.0 0.010965968384755978 0.004820208532743283 0.9999282539897978 0.0 2.4203378199597636 0.08423537948840115 0.04525708597848278 1.0
1403045935 77248000 0.9997423404926086 0.022489449756294584 0.0030785184781384786 0.0 -0.022486868191411075 0.9997467593084204 -0.0008706384171437735 0.0 -0.0030973190509282892 0.0008011878496353728 0.9999948823432679 0.0 2.380878448486328 0.07634154707193375 0.07861068844795227 1.0
1403045935 464307000 0.9999946990178202 -7.753724891666933e-05 0.003255138128272983 0.0 0.00012143171357001382 0.9999090437723642 -0.013486639187550909 0.0 -0.003253796336288667 0.013486962972117733 0.9999037526878227 0.0 2.3642576730101905 0.047099877225580934 0.09591555569254684 1.0
1403045935 851476000 0.9999398480946952 -0.00902524169722309 0.006232592130463216 0.0 0.009034231695705537 0.9999581882486434 -0.0014157726368191493 0.0 -0.006219553844635141 0.001471994156769002 0.9999795749829974 0.0 2.337531089782715 -0.01203879900276661 0.09077191352844238 1.0
1403045936 238453000 0.9999083756362014 -0.00443363837552421 0.012789964164457502 0.0 0.004079574332406063 0.9996113449669605 0.02757745613015632 0.0 -0.012907261748310589 -0.027522751753765496 0.999537843570748 0.0 2.281525228873211 -0.09515693825480866 0.11113167810219424 1.0
1403045936 625622000 0.9998601039715281 -0.012194124116356172 0.011448835009716914 0.0 0.01214032748223099 0.9999149896309639 0.0047566753024975645 0.0 -0.011505865229047568 -0.00461701725620602 0.9999231461552367 0.0 2.239030122756958 -0.026976443827152252 0.07082664966583252 1.0
1403045937 12597000 0.9992781819025123 -0.037445672670144745 0.006398185046552052 0.0 0.03746073534573845 0.9992955655506999 -0.002250772770282953 0.0 -0.006309396244181374 0.0024888288384859784 0.9999769983604856 0.0 2.1775705728153554 -0.05156324447323533 0.07349135661388481 1.0
1403045937 399677000 0.9995484116845633 -0.02739697397306333 -0.012344169311301128 0.0 0.027419636911041337 0.9996226154220531 0.0016704036760444086 0.0 0.012293746806138378 -0.0020081219817465403 0.9999224126078848 0.0 2.133422374725342 -0.060132041573524475 0.05570056289434433 1.0
1403045937 786746000 0.9999057959701863 -0.007544577418039475 -0.01146640906349977 0.0 0.007545998643231211 0.9999715252916292 8.06871050222094e-05 0.0 0.011465473810735148 -0.0001672050112076656 0.999934255315208 0.0 2.04702362185501 -0.00972762684611443 0.05799888553868683 1.0
1403045938 173825000 0.9999342016731126 -0.006632477429275732 0.009359624324993215 0.0 0.006697426167276561 0.999953593016612 -0.006925048440392334 0.0 -0.009313259745585103 0.006987278176661431 0.9999322182711152 0.0 1.915299415588379 0.0017618471756577492 0.06864924728870392 1.0
1403045938 560906000 0.9999832300549212 -0.001968648815642989 -0.005446469569107755 0.0 0.001937770071042946 0.9999820537121772 -0.005668977044243416 0.0 0.005457532050141307 0.005658327970085868 0.9999690988568121 0.0 1.8885186970169112 0.03337027339637345 0.06803791454816173 1.0
1403045938 947949000 0.9998297063403726 -0.014794952818438624 0.011030307811867146 0.0 0.015138312727681997 0.9993820202996117 -0.03172394977970769 0.0 -0.010554136965345087 0.031885527641340505 0.9994358025005659 0.0 1.79862642288208 0.03849364072084427 0.07526185363531113 1.0
1403045939 338052000 0.9986118975354542 -0.05231133770326252 -0.006148337038148496 0.0 0.052216691344724286 0.9985281669156719 -0.014660048466420078 0.0 0.006906174458355246 0.014318652999609143 0.9998736324809387 0.0 1.7786937675674934 -0.07523110520405783 0.05356448422920614 1.0
1403045939 722180000 0.9969263473618735 -0.07827065789141606 -0.0034003013040066195 0.0 0.07825958864976552 0.9969276357933999 -0.003275023015409792 0.0 0.0036461925460141878 0.0029988505509417336 0.9999888560255511 0.0 1.6163690090179443 -0.16247421503067017 0.03995842486619949 1.0
1403045940 109177000 0.9969634699153486 -0.0756337716235301 -0.018530306105073478 0.0 0.07583223349451015 0.9970678920543024 0.010251390033760978 0.0 0.017700621954669368 -0.011625455878798643 0.9997757432334654 0.0 1.5916255357957987 -0.21208375723752276 0.021901720161986583 1.0
1403045940 496270000 0.9985095380764046 -0.05454489212186051 0.0018860312456532087 0.0 0.054568526436205834 0.9983755356084295 -0.016387977946125027 0.0 -0.0009890869658864367 0.016466470234879547 0.9998639292748678 0.0 1.5248011350631714 -0.08233962953090668 0.07090675830841064 1.0
1403045940 883303000 0.9999153389181611 -0.008808067394649965 0.00957773172261521 0.0 0.008457759319248272 0.9993152670613021 0.0360203182314657 0.0 -0.009888442924786214 -0.035936262562621835 0.9993051604637863 0.0 1.4918912047300288 -0.11838285841274149 0.047523211423835476 1.0
1403045941 270447000 0.9986266528423374 0.05214368461904156 -0.0050837375286043665 0.0 -0.05225816624625312 0.9982990142414186 -0.02584883411666376 0.0 0.0037272367095186076 0.026079001494722868 0.9996529364672269 0.0 1.5107946395874023 0.2501915693283081 0.05568928271532059 1.0
1403045941 657466000 0.9966413820079153 0.08049342038604555 -0.015058716542524268 0.0 -0.08066950672816305 0.9966748473639222 -0.011475160841449908 0.0 0.014084969065908632 0.012651399395230408 0.9998207618067124 0.0 1.6350973784791958 0.2386301189002311 0.12502932520754628 1.0
1403045942 44529000 0.9998242751240874 0.011000599925637468 0.015179119667130193 0.0 -0.011159552557207684 0.9998833628401391 0.01042713298167701 0.0 -0.015062644499420182 -0.010594692858725167 0.999830420233308 0.0 1.6897143125534058 0.06302422285079956 0.05442015454173088 1.0
1403045942 431612000 0.9986053514581928 -0.05172293783168015 0.010587244264640224 0.0 0.0518415736319343 0.9985918890381841 -0.01125568258772426 0.0 -0.009990159279197776 0.011788844269520865 0.9998806028063376 0.0 1.8029834361189672 -0.0586576154555417 0.10536728591192732 1.0
1403045942 818666000 0.999483742461455 -0.029586608656090627 -0.012525220296472055 0.0 0.02970119300930788 0.9995177317595472 0.009063279322275146 0.0 0.0122510280820694 -0.009430614321510699 0.9998804807698024 0.0 1.9318395853042603 -0.093355193734169 0.027106191962957382 1.0
1403045943 205762000 0.9998813742999525 -0.012854959956636706 -0.008484534904855165 0.0 0.012785367642526912 0.9998845900486127 -0.008206153639986875 0.0 0.008589045481534292 0.008096702281232207 0.999930333428227 0.0 2.05042335218973 0.014617808944460575 0.08347788451066056 1.0
1403045943 592827000 0.9998815370175014 -0.01523291713631655 -0.0022068454946506605 0.0 0.015227811540146963 0.9998813768302084 -0.0023121470162039207 0.0 0.0022418044555476604 0.002278267685081643 0.9999948918915227 0.0 2.145601272583008 -0.017066339030861855 0.05094893276691437 1.0
1403045943 979901000 0.9995201481326283 -0.02797522185160228 -0.013298888648394338 0.0 0.027832562403238403 0.9995543206971189 -0.010793907809083939 0.0 0.013594923574577296 0.010418586184065359 0.999853304797722 0.0 2.2955610296209947 -3.8117519044001194e-05 0.05575149129382848 1.0
1403045944 366953000 0.9995764495847914 -0.025469597352863128 0.014079099621278412 0.0 0.025405378995935483 0.9996660814691883 0.004721469909979786 0.0 -0.01419465228653857 -0.00436178526763891 0.9998897372589356 0.0 2.3215770721435547 -0.05094235762953758 0.14330674707889557 1.0
1403045944 754040000 0.9997841496105223 -0.020330880954032758 0.004278956321094233 0.0 0.020371595599145163 0.9997454516960581 -0.009696901865530192 0.0 -0.004080720562569024 0.009781977953245527 0.9999438287359008 0.0 2.4106337585980393 -0.012741828615281326 0.12662083489997866 1.0
1403045945 141087000 0.9997263034661752 -0.020601104001377248 0.01108659874719626 0.0 0.020464180827064388 0.999714612315845 0.01232522718884907 0.0 -0.011337348055612723 -0.012094975655369149 0.9998625786091616 0.0 2.334850311279297 -0.01882917806506157 0.09909553825855255 1.0
1403045945 528175000 0.9993929425022153 0.0006909184451492722 -0.0348320126961654 0.0 -0.0012354790147119463 0.999877318095218 -0.015614811888668565 0.0 0.03481695087694903 0.015648367020761344 0.9992711886876433 0.0 2.3522292347378198 0.0941344107519533 -0.0014290302146400397 1.0
1403045945 915230000 0.9995010187212233 0.021766895463563165 0.022889207874351107 0.0 -0.022264665362291196 0.9995161086114125 0.02172172420882517 0.0 -0.02240531748362727 -0.022220506028832562 0.9995020014288518 0.0 2.1978487968444824 0.023950383067131042 0.10226896405220032 1.0
1403045946 302333000 0.9992240296785966 0.03883409397347325 -0.006576599282807151 0.0 -0.038804222946274336 0.9992361968327932 0.004610338455172947 0.0 0.006750614372263195 -0.004351561144561751 0.9999677460404421 0.0 2.169277812032763 0.12180915544822676 0.038344859886011946 1.0
1403045946 689388000 0.9991990461802045 0.039304935599311336 -0.007509204358887038 0.0 -0.039223808075411704 0.9991735686425205 0.010661735610753361 0.0 0.007922057348492677 -0.010358656462318249 0.9999149660064415 0.0 2.178372383117676 0.09283515810966492 0.02746078372001648 1.0
1403045947 76445000 0.9993063137888326 0.034532636208438716 0.013942318970343514 0.0 -0.03451642306772057 0.9994031474830272 -0.0014019057132389793 0.0 -0.01398240896216744 0.0009196942504508658 0.999901818381235 0.0 2.1447381715824823 0.12947456737323146 0.14812866599038366 1.0
1403045947 463534000 0.9995815332838539 0.01915523769540933 -0.02167568192080486 0.0 -0.01966009028664718 0.9995346538001664 -0.0233228793784661 0.0 0.02121883992635833 0.02373926539330919 0.9994929755184704 0.0 2.193112850189209 0.13852450251579285 0.015256103128194809 1.0
1403045947 850595000 0.9998095907851029 0.0057159422207676384 0.01865771097037302 0.0 -0.0060857134788924305 0.9997849942765915 0.01982244462241936 0.0 -0.018540395507592573 -0.019932215729439144 0.9996294115873828 0.0 2.058858599141911 -0.013496961825030712 0.12516915733676476 1.0
1403045948 237664000 0.9998667458968227 -0.00140146843966319 -0.016264265612420895 0.0 0.0014695069378945394 0.999990216953883 0.004172115277112954 0.0 0.016258259410472837 -0.004195459776790562 0.999859023621932 0.0 2.145970344543457 0.012381727807223797 0.030625369399785995 1.0
1403045948 624787000 0.9993948342450807 -0.031884919594919764 0.013903855101134382 0.0 0.03151940488796909 0.9991711357097058 0.02575982686441893 0.0 -0.01471368070049468 -0.025305996660911618 0.999571465245603 0.0 2.094442836179291 -0.09172207962483321 0.0993952661701022 1.0
1403045949 11806000 0.9998117891429626 -0.018817359788131066 0.004721574033304082 0.0 0.018860576711992857 0.9997790382802422 -0.009281878124873933 0.0 -0.004545870306000383 0.009369182783893619 0.9999457752684007 0.0 2.180293560028076 -0.007545974105596542 0.10572678595781326 1.0
1403045949 432329000 0.9997415095324053 0.0008397830716280549 0.02272023068237568 0.0 -0.0006235181709342957 0.9999544511421499 -0.009524015229538033 0.0 -0.0227271939085817 0.009507386885709691 0.9996964960685054 0.0 2.3186413814737037 0.06798582442986394 0.11845787172407424 1.0
1403045949 785955000 0.9996443578833022 -0.02654602048487779 -0.0025429409149570464 0.0 0.026493712927168917 0.9994727316590629 -0.018770771036471273 0.0 0.0030398893751708332 0.018696723413136187 0.999820579707279 0.0 2.0302937030792236 0.022663339972496033 0.0949663519859314 1.0
1403045950 173020000 0.999111094221239 -0.04161716899896167 0.00671063697054128 0.0 0.04174431505826748 0.9989266477417452 -0.020073977975362332 0.0 -0.005868011959312533 0.02033626504427724 0.999775976286535 0.0 2.2288500749365445 0.0062322867925460185 0.101361246151445 1.0
1403045950 560142000 0.9984403513895069 -0.05568920604097778 -0.003946776877852137 0.0 0.05568948530192801 0.9984481357040517 -3.919068649821287e-05 0.0 0.00394283451394661 -0.00018066441013066422 0.9999922106778465 0.0 2.2495968341827393 -0.08785825967788696 0.05959121882915497 1.0
1403045950 947149000 0.9987722051014813 -0.03946333758228683 -0.029945405383646467 0.0 0.04010971181211864 0.9989682225525548 0.021300266395942326 0.0 0.029073928786341307 -0.022475215617559427 0.9993245575626925 0.0 2.3265162988554766 -0.10290398100681682 0.009178301701100428 1.0
1403045951 334227000 0.9999926458253214 -0.0004161355381291095 0.003812496096663892 0.0 0.00031719858741938384 0.9996641087036153 0.02591465135521726 0.0 -0.0038219995197946535 -0.025913251455968057 0.999656888996745 0.0 2.275628089904785 -0.06435395032167435 0.0820975974202156 1.0
1403045951 721326000 0.999131863839601 0.04159509563702096 -0.0023166094518074294 0.0 -0.04162609935935001 0.9990129048146588 -0.015507542226384239 0.0 0.0016692850357696407 0.015590510983436343 0.9998770671711321 0.0 2.297141204110918 0.14781870313335713 0.08810298739517045 1.0
1403045952 108381000 0.9991583123119682 0.04043494534658575 0.006905225030220349 0.0 -0.040315984706487874 0.9990494797811341 -0.016575835610658264 0.0 -0.007568904481204263 0.016283492987192713 0.9998387667724684 0.0 2.3283393383026123 0.15319028496742249 0.0783495157957077 1.0
1403045952 495459000 0.9992729107280721 0.03758636450118446 0.006396490336931706 0.0 -0.03740095814744939 0.998935937105365 -0.02698447496393078 0.0 -0.007403932380775673 0.026725619974293752 0.9996153875477761 0.0 2.3377630116269907 0.1692721449033884 0.0929010731042624 1.0
1403045952 882532000 0.9991747682028855 0.0396111696123066 0.008985423120535012 0.0 -0.039334001474702125 0.9988002549622655 -0.029169967694556813 0.0 -0.010130099441668799 0.028792463063420516 0.9995340790368498 0.0 2.354525089263916 0.21350161731243134 0.08493048697710037 1.0
1403045953 269595000 0.999810214912047 0.014452659374950796 0.01306349090090013 0.0 -0.014142431405123258 0.9996229524896069 -0.023536025363523526 0.0 -0.013398723501798111 0.023346809052902415 0.9996376347034808 0.0 2.3886655516168367 0.148481722535087 0.12081616362258138 1.0
1403045953 656654000 0.9996229136357098 -0.00448936001155682 -0.027090149153168378 0.0 0.004648496525193928 0.9999722927941893 0.0058142174011021576 0.0 0.027063296445731345 -0.005937953403206671 0.9996160856523227 0.0 2.4580564498901367 0.01940302550792694 0.010000282898545265 1.0
1403045954 43814000 0.9999612183099368 -0.006702475173612731 0.005713029201230559 0.0 0.006638358773517658 0.9999155906760385 0.0111688726281213 0.0 -0.005787406059805136 -0.01113051434284333 0.9999213056943845 0.0 2.3738221611525625 0.0017955547124617298 0.13122593739513372 1.0
1403045954 430792000 0.9999421148010981 -0.010757778813626316 0.00019298213564950426 0.0 0.01074784717977066 0.9995324529840707 0.02862445130734767 0.0 -0.0005008274232537165 -0.028620720232787902 0.9995902178119035 0.0 2.394334554672241 -0.08290836960077286 0.05262885242700577 1.0
1403045954 817878000 0.9998893180868174 -0.014757409057220458 -0.0018895644464542456 0.0 0.014793089330614491 0.9996801055987431 0.02051465276680036 0.0 0.001586216862820498 -0.020540334661436205 0.9997877667625567 0.0 2.3819273190929278 -0.08790051791333989 0.11113190090707509 1.0
1403045955 204958000 0.999831463179283 -0.009871289723481256 -0.015479110955387674 0.0 0.010396260096893834 0.9993606159012287 0.03420931395854819 0.0 0.015131523808653324 -0.034364473293095596 0.999294811335732 0.0 2.412738800048828 -0.09078068286180496 0.016738997772336006 1.0
1403045955 592075000 0.9994623345672177 -0.030469513054640504 -0.012109936236833464 0.0 0.030204432686782592 0.9993124706871477 -0.021500655227650895 0.0 0.012756724795836102 0.021123321314646153 0.9996954892711688 0.0 2.3608956535637877 0.04279058287162383 0.14021531303288973 1.0
1403045955 979118000 0.9993456840830617 -0.03609243134950926 0.0023537425174607234 0.0 0.03603281318896992 0.9991137598335972 0.02175617808489941 0.0 -0.003136889900257309 -0.02165713070686012 0.9997605356340585 0.0 2.37176513671875 -0.09817139804363251 0.06443537026643753 1.0
1403045956 366161000 0.9993056099498372 -0.01017419132110421 0.035843880283045325 0.0 0.009324467991325277 0.9996733926810698 0.023794164456824255 0.0 -0.036074259790915573 -0.02344341691138935 0.9990740983450909 0.0 2.330032022738894 -0.05364083745484835 0.20120101214190933 1.0
1403045956 753218000 0.9999588635368037 -0.008834741006695361 -0.0020539195525894937 0.0 0.008808572567293818 0.9998840874175347 -0.01241856588059263 0.0 0.002163396290699597 0.012399962925287965 0.9999207771798427 0.0 2.375342607498169 0.028979334980249405 0.05882377177476883 1.0
1403045957 140301000 0.9998614255488324 -0.01207374598543512 -0.01146099285994996 0.0 0.011949461447136173 0.9998697205896665 -0.01085136945576783 0.0 0.011590516406961378 0.010712913040875204 0.9998754389540722 0.0 2.3939008454660433 0.053724339953813115 0.05039251254590278 1.0
1403045957 527368000 0.9998985209057087 -0.013220280752106392 0.005307736561989425 0.0 0.013265754208834957 0.9998748015475397 -0.008625601169711344 0.0 -0.005193039172466516 0.008695136980153522 0.9999487121533032 0.0 2.299623489379883 0.02689976990222931 0.12869219481945038 1.0
1403045957 914434000 0.9992274864224058 -0.03807511873737498 0.009732199704875915 0.0 0.03783730548432097 0.9990063357512349 0.023551633543706995 0.0 -0.010619260409603124 -0.023165199373752148 0.9996752496917822 0.0 2.284769549758474 -0.10768925827299941 0.09988850724646595 1.0
1403045958 301529000 0.9996854982871475 -0.024959227909414586 0.0024375103166158966 0.0 0.02491824013439737 0.9995677051436306 0.01560397841899881 0.0 -0.002825919847097054 -0.015538332473659216 0.9998752794228668 0.0 2.271023750305176 -0.07791092991828918 0.08084578812122345 1.0
1403045958 688577000 0.9999147487598916 -0.012985931748052884 0.0013641074289585085 0.0 0.012976993853918815 0.9998955142901214 0.006368526753421146 0.0 -0.0014466661529810188 -0.0063502818148960735 0.9999787903140311 0.0 2.2910709750841143 -0.06461113841764347 0.06286760670708857 1.0
1403045959 75676000 0.9998034122158094 0.006919950095792143 -0.018580936798131078 0.0 -0.00706803794672203 0.9999436877339325 -0.007916072299278735 0.0 0.018525111638208625 0.008045846862540762 0.9997960214899119 0.0 2.3008809089660645 0.06982596218585968 0.04703439027070999 1.0
1403045959 462724000 0.9996428232458409 0.025846625523893683 0.006795430973245032 0.0 -0.025851334305792034 0.9996656147338177 0.0006059979112816497 0.0 -0.006777495680169062 -0.000781452420755962 0.9999767271713974 0.0 2.263017489493281 0.10443792873954774 0.13035754870024924 1.0
1403045959 849813000 0.9999488902552147 0.010072591060142676 0.0008716574439272483 0.0 -0.010065962476717245 0.9999226806099377 -0.007301315035919687 0.0 -0.0009451332084634307 0.007292167796448481 0.9999729651405815 0.0 2.331371784210205 0.07295183092355728 0.05592264235019684 1.0
1403045960 236877000 0.9996742060732766 0.023971724302082376 0.008765737033993845 0.0 -0.023995714728794918 0.9997085703613545 0.0026419728823450926 0.0 -0.008699849792868412 -0.002851452268880806 0.9999580900385475 0.0 2.3397611445863045 0.059279933526898594 0.10624458469323812 1.0
1403045960 623951000 0.9994977806898081 0.031312901061408396 -0.004867095978788056 0.0 -0.031395492106301645 0.9993460853252591 -0.017936689228591728 0.0 0.004302263538120032 0.018080485950282874 0.9998272783617429 0.0 2.362694263458252 0.13763271272182465 0.027934923768043518 1.0
1403045961 11005000 0.999605019584157 0.028012383352938493 -0.002260796551027117 0.0 -0.028036625569232587 0.999540541314927 -0.011517547245547086 0.0 0.0019371238596887184 0.011576383146335908 0.9999311150796346 0.0 2.35032251223558 0.12653589680613406 0.09899013927358984 1.0
1403045961 398208000 0.9998500322613583 0.016511340137565673 -0.005223852392864553 0.0 -0.016505160519727856 0.9998630315266595 0.0012238719444223126 0.0 0.005243344655736526 -0.0011374678808388264 0.9999856066482363 0.0 2.364051342010498 0.07742857933044434 0.033219970762729645 1.0
1403045961 785147000 0.9999122846536994 0.01104398492451147 -0.007311182914298973 0.0 -0.010977715535063354 0.9998988515995464 0.009043026680239399 0.0 0.007410314450170286 -0.008961973381764545 0.9999323828503877 0.0 2.3235761012425704 0.025760021443552696 0.07631455529884376 1.0
1403045962 172230000 0.9997367068877147 0.013304826339447233 -0.01869487890800468 0.0 -0.013084993746134928 0.999844375288892 0.011832503616261723 0.0 0.01884939892865067 -0.01158476582596248 0.9997552167209662 0.0 2.3220555782318115 0.01301867701113224 0.04525548592209816 1.0
1403045962 559298000 0.9999467150430161 0.009727228183340262 -0.00345660332557514 0.0 -0.009786408634764794 0.9997983071859682 -0.017537706637582737 0.0 0.0032853128792471645 0.01757059987427132 0.999840227606063 0.0 2.2513764813846016 0.06710300371218639 0.0536384401700051 1.0
1403045962 946353000 0.9994785269099908 0.0018415253416626115 0.03223791293261351 0.0 -0.0007573382842945951 0.9994347115981925 -0.03361076749139887 0.0 -0.032281584294422364 0.03356882537494792 0.9989149279485157 0.0 2.1458353996276855 0.0904337614774704 0.1685192584991455 1.0
1403045963 333478000 0.9996331016032413 -0.022951060600514626 -0.014384401148304074 0.0 0.022569580698579686 0.9994033717369265 -0.02614411191746598 0.0 0.014975854104996007 0.02580986978220139 0.9995546880564623 0.0 2.2076273757472764 0.07908527606765432 -0.01640666000419655 1.0
1403045963 720515000 0.9989232435576892 -0.04630122772732512 -0.0029240025868750106 0.0 0.046310031239061814 0.998922554561209 0.0030184425695349115 0.0 0.0027810945368308805 -0.003150603093193699 0.999991169567675 0.0 2.0796589851379395 -0.062427107244729996 0.14018338918685913 1.0
1403045964 107575000 0.9993926131213773 -0.030732606553941524 0.01642899062102421 0.0 0.030413446871961864 0.9993503638578067 0.019335783062387955 0.0 -0.017012556768205775 -0.01882437652805549 0.9996780560563179 0.0 1.992362044706165 -0.09785232249010073 0.15247407486117376 1.0
1403045964 499688000 0.9990948166976502 -0.04253552369470592 -0.0005258059583530276 0.0 0.04253734988521274 0.9990861808375199 0.004168587799420198 0.0 0.0003480124016768386 -0.004187180855371977 0.9999911731629698 0.0 2.050034999847412 -0.09605956077575684 0.0030416902154684067 1.0
1403045964 881749000 0.9983096695928516 -0.057941648678164884 0.004535299975494721 0.0 0.05802374111007022 0.9980994001015964 -0.020756516673689895 0.0 -0.0033240133879326537 0.020984586374044486 0.9997742735586405 0.0 1.8707229552251325 -0.06390477249052279 0.20496539960429216 1.0
1403045965 268803000 0.9979240870403858 -0.0642822553482846 -0.003912563347766447 0.0 0.06436583796393708 0.9975470162896793 0.02751343662210112 0.0 0.002134340135158029 -0.027708156540919755 0.9996137767424433 0.0 1.9066170454025269 -0.2027149200439453 -0.020779330283403397 1.0
1403045965 655867000 0.9974454900030201 -0.07141366468373346 -0.0016071618071471488 0.0 0.07140595258090411 0.9974374946252552 -0.004431055371759486 0.0 0.0019194813488921376 0.004304975276724165 0.9999888913279077 0.0 1.817405387478707 -0.12999377082599978 0.10080179216849341 1.0
1403045966 42925000 0.9973086383876791 -0.07237685602448274 0.011707711532356817 0.0 0.07236219219607007 0.9973770190144529 0.0016718500001087241 0.0 -0.011798005674375573 -0.0008201547751163227 0.9999300647586572 0.0 1.725264072418213 -0.1628510057926178 0.014109119772911072 1.0
1403045966 430031000 0.9973770065844251 -0.06570547160515666 -0.030362768942171325 0.0 0.06622662042045405 0.9976683629095334 0.01648855351741594 0.0 0.02920858579898781 -0.01845612772375453 0.9994029366902359 0.0 1.7306814893362452 -0.20525890841112815 0.06413645262437204 1.0
